2005 176 2133   0.100
2005 176 2134   0.200
2005 176 2136   0.100
2005 176 2139   0.100
2005 177 0005   0.100
2005 179 1414   0.100
2005 179 1416   0.100
2005 179 1417   0.100
2005 179 1419   0.100
2005 179 1420   0.100
2005 179 1714   0.100
2005 197 2024   0.100
2005 197 2025   0.100
2005 197 2026   0.100
2005 197 2027   0.100
2005 197 2029   0.100
2005 197 2030   0.200
2005 197 2031   0.200
2005 197 2032   0.100
2005 197 2033   0.100
2005 197 2035   0.100
2005 197 2037   0.100
2005 197 2302   0.100
2005 197 2303   0.100
2005 197 2304   0.200
2005 197 2305   0.200
2005 197 2306   0.200
2005 197 2308   0.100
2005 197 2309   0.100
2005 197 2311   0.100
2005 197 2313   0.100
2005 197 2331   0.100
2005 197 2336   0.100
2005 197 2356   0.100
2005 201 1713   0.100
2005 201 1715   0.100
2005 201 1719   0.100
2005 201 1729   0.100
2005 204 1522   0.100
2005 208 0248   0.100
2005 208 0257   0.100
2005 214 1742   0.100
2005 217 0439   0.100
2005 217 0452   0.100
2005 217 0615   0.100
2005 218 1923   0.100
2005 218 1924   0.200
2005 218 1925   0.200
2005 218 1926   0.200
2005 218 1927   0.500
2005 218 1928   0.400
2005 218 1929   0.400
2005 218 1930   0.400
2005 218 1931   0.300
2005 218 1932   0.300
2005 218 1933   0.100
2005 218 1934   0.100
2005 218 1935   0.100
2005 218 1936   0.100
2005 218 1942   0.100
2005 218 1952   0.100
2005 218 1957   0.100
2005 218 2001   0.100
2005 218 2005   0.100
2005 218 2006   0.100
2005 218 2009   0.100
2005 218 2011   0.100
2005 218 2014   0.100
2005 218 2016   0.100
2005 218 2020   0.100
2005 218 2025   0.100
2005 218 2032   0.100
2005 218 2036   0.100
2005 218 2041   0.100
2005 218 2043   0.100
2005 218 2048   0.100
2005 218 2051   0.100
2005 218 2058   0.100
2005 218 2102   0.100
2005 218 2108   0.100
2005 218 2113   0.100
2005 218 2122   0.100
2005 218 2128   0.100
2005 218 2142   0.100
2005 218 2150   0.100
2005 218 2159   0.100
2005 218 2203   0.100
2005 218 2218   0.100
2005 219 1707   0.100
2005 219 1709   0.300
2005 219 1710   0.600
2005 219 1711   0.600
2005 219 1712   0.400
2005 219 1713   0.300
2005 219 1714   0.300
2005 219 1715   0.200
2005 219 1716   0.200
2005 219 1717   0.200
2005 219 1718   0.100
2005 219 1719   0.200
2005 219 1722   0.100
2005 219 1728   0.100
2005 219 1734   0.100
2005 219 1749   0.100
2005 221 1452   0.100
2005 221 1454   0.100
2005 221 1456   0.100
2005 221 1457   0.100
2005 221 1458   0.100
2005 221 1503   0.100
2005 223 2053   0.200
2005 223 2054   0.300
2005 223 2056   0.100
2005 223 2058   0.100
2005 224 1234   0.100
2005 224 1249   0.100
2005 225 1654   0.100
2005 225 1700   0.100
2005 225 1708   0.100
2005 225 1814   0.100
2005 225 1825   0.100
2005 225 1836   0.100
2005 225 1844   0.100
2005 225 1851   0.100
2005 225 1858   0.100
2005 225 1907   0.100
2005 225 1911   0.100
2005 225 1916   0.100
2005 225 1920   0.100
2005 225 1924   0.100
2005 225 1926   0.100
2005 225 1929   0.100
2005 225 1932   0.100
2005 225 1936   0.100
2005 225 1939   0.100
2005 225 1944   0.100
2005 225 1951   0.100
2005 225 1958   0.100
2005 225 2002   0.100
2005 225 2007   0.100
2005 225 2010   0.100
2005 225 2013   0.100
2005 225 2017   0.100
2005 225 2030   0.100
2005 226 2219   0.100
2005 226 2334   0.100
2005 226 2358   0.100
2005 227 0008   0.100
2005 227 0015   0.100
2005 227 1058   0.100
2005 227 1059   0.100
2005 227 1116   0.100
2005 227 1118   0.100
2005 227 1146   0.100
2005 227 1147   0.500
2005 227 1148   0.200
2005 227 1244   0.100
2005 227 1245   0.300
2005 227 1246   0.200
2005 227 1249   0.100
2005 227 1250   0.200
2005 227 1251   0.100
2005 227 1254   0.100
2005 227 1255   0.200
2005 227 1256   0.200
2005 227 1257   0.600
2005 227 1258   0.600
2005 227 1259   0.600
2005 227 1300   0.800
2005 227 1301   0.800
2005 227 1302   1.200
2005 227 1303   0.900
2005 227 1304   0.700
2005 227 1305   0.700
2005 227 1306   0.400
2005 227 1307   0.400
2005 227 1308   0.100
2005 229 1543   0.100
2005 229 1546   0.100
2005 229 1547   0.100
2005 229 1551   0.100
2005 229 1556   0.100
2005 229 1606   0.100
2005 233 1448   0.100
2005 233 1449   0.200
2005 233 1450   0.300
2005 233 1451   0.200
2005 233 1452   0.300
2005 233 1453   0.300
2005 233 1454   0.400
2005 233 1455   0.400
2005 233 1456   0.500
2005 233 1457   0.600
2005 233 1458   0.800
2005 233 1459   0.600
2005 233 1500   0.600
2005 233 1501   0.200
2005 233 1502   0.100
2005 233 1503   0.100
2005 233 1518   0.100
2005 233 1519   0.100
2005 233 1520   0.300
2005 233 1521   0.500
2005 233 1522   0.400
2005 233 1523   0.300
2005 233 1524   0.100
2005 233 1525   0.300
2005 233 1526   0.100
2005 233 1527   0.200
2005 233 1528   0.900
2005 233 1529   0.700
2005 233 1530   0.600
2005 233 1531   0.900
2005 233 1532   1.000
2005 233 1533   0.700
2005 233 1534   0.300
2005 233 1535   0.200
2005 233 1536   0.300
2005 233 1537   0.400
2005 233 1538   0.600
2005 233 1539   0.600
2005 233 1540   0.500
2005 233 1541   0.600
2005 233 1542   0.400
2005 233 1543   0.300
2005 233 1544   0.300
2005 233 1545   0.800
2005 233 1546   0.300
2005 233 1547   0.200
2005 233 1548   0.200
2005 233 1549   0.500
2005 233 1550   0.300
2005 233 1551   0.200
2005 233 1552   0.100
2005 233 1553   0.400
2005 233 1554   0.300
2005 233 1555   0.600
2005 233 1556   0.400
2005 233 1557   0.300
2005 233 1558   0.100
2005 233 1559   0.100
2005 233 1600   0.100
2005 233 1601   0.100
2005 233 1957   0.100
2005 235 1701   0.100
2005 235 1702   0.200
2005 235 1703   0.100
2005 235 1704   0.100
2005 235 1707   0.100
2005 245 1814   0.400
2005 245 1815   1.000
2005 245 1816   1.100
2005 245 1817   0.800
2005 245 1818   0.700
2005 245 1819   1.000
2005 245 1820   0.600
2005 245 1821   0.200
2005 245 1822   0.200
2005 245 1823   0.100
2005 245 1824   0.100
2005 245 1826   0.100
2005 245 1828   0.100
2005 245 1830   0.100
2005 245 1831   0.100
2005 245 1839   0.100
2005 245 1850   0.100
2005 245 2005   0.100
2005 245 2150   0.100
2005 245 2154   0.100
2005 245 2157   0.100
2005 245 2159   0.100
2005 245 2201   0.100
2005 245 2203   0.100
2005 245 2207   0.100
2005 245 2224   0.100
2005 245 2234   0.100
2005 247 0131   0.100
2005 247 0132   0.100
2005 247 0134   0.100
2005 247 0137   0.100
2005 247 0142   0.100
2005 247 0145   0.100
2005 247 0151   0.100
2005 249 1429   0.100
2005 249 1430   0.300
2005 249 1431   0.300
2005 249 1432   0.100
2005 249 1433   0.200
2005 249 1434   0.300
2005 249 1435   0.100
2005 249 1437   0.100
2005 249 1438   0.300
2005 249 1439   0.200
2005 249 1441   0.200
2005 249 1442   0.100
2005 249 1443   0.200
2005 249 1444   0.100
2005 249 1445   0.100
2005 249 1447   0.100
2005 249 1458   0.100
2005 249 1540   0.200
2005 249 1541   0.400
2005 249 1542   0.500
2005 249 1543   0.300
2005 249 1544   0.300
2005 249 1545   0.300
2005 249 1546   0.500
2005 249 1547   0.300
2005 249 1548   0.100
2005 249 1552   0.100
2005 249 1558   0.100
2005 249 1605   0.100
2005 249 1705   0.100
2005 250 1254   0.100
2005 250 1256   0.200
2005 250 1257   0.800
2005 250 1258   0.900
2005 250 1259   0.800
2005 250 1300   0.400
2005 250 1301   0.100
2005 250 1302   0.100
2005 250 1323   0.100
2005 250 1329   0.100
2005 250 1346   0.100
2005 250 1347   0.100
2005 250 1349   0.100
2005 250 1350   0.100
2005 250 1351   0.100
2005 250 1354   0.100
2005 250 1403   0.100
2005 250 1405   0.100
2005 250 1406   0.100
2005 250 1407   0.100
2005 250 1408   0.100
2005 250 1417   0.100
2005 250 1419   0.100
2005 250 1420   0.300
2005 250 1421   0.400
2005 250 1422   0.500
2005 250 1423   0.500
2005 250 1424   0.800
2005 250 1425   1.100
2005 250 1426   1.500
2005 250 1427   1.500
2005 250 1428   1.300
2005 250 1429   1.200
2005 250 1430   1.100
2005 250 1431   0.800
2005 250 1432   1.100
2005 250 1433   1.100
2005 250 1434   1.100
2005 250 1435   1.100
2005 250 1436   1.200
2005 250 1437   1.000
2005 250 1438   0.600
2005 250 1439   1.100
2005 250 1440   0.400
2005 250 1441   0.300
2005 250 1442   0.100
2005 250 1444   0.100
2005 250 1445   0.200
2005 250 1446   0.200
2005 250 1447   0.300
2005 250 1448   0.300
2005 250 1449   0.300
2005 250 1450   0.500
2005 250 1451   0.200
2005 250 1452   0.200
2005 250 1453   0.200
2005 250 1454   0.100
2005 250 1457   0.100
2005 250 1632   0.100
2005 250 1635   0.100
2005 250 1637   0.100
2005 250 1640   0.200
2005 250 1641   0.300
2005 250 1642   0.200
2005 250 1643   0.100
2005 250 1644   0.200
2005 250 1645   0.200
2005 250 1646   0.200
2005 250 1647   0.200
2005 250 1648   0.300
2005 250 1649   0.300
2005 250 1650   0.400
2005 250 1651   0.300
2005 250 1652   0.100
2005 250 1653   0.200
2005 250 1654   0.100
2005 250 1655   0.100
2005 250 1656   0.100
2005 250 1657   0.100
2005 250 1658   0.100
2005 250 1700   0.100
2005 250 1701   0.100
2005 250 1703   0.100
2005 250 1709   0.100
2005 250 1714   0.100
2005 250 1718   0.100
2005 250 1725   0.100
2005 250 1737   0.100
2005 250 1743   0.100
2005 250 1752   0.100
2005 250 1759   0.100
2005 250 1826   0.100
2005 265 1513   0.100
2005 265 1514   0.100
2005 265 1515   0.100
2005 265 1516   0.100
2005 265 1517   0.100
2005 265 1518   0.100
2005 265 1519   0.100
2005 265 1532   0.100
2005 265 1538   0.100
2005 265 1548   0.100
2005 265 1550   0.100
2005 265 1552   0.100
2005 265 1553   0.200
2005 265 1554   0.100
2005 265 1556   0.100
2005 265 1601   0.100
2005 267 0021   0.100
2005 271 0703   0.100
2005 271 0717   0.100
2005 271 1648   0.100
2005 271 1650   0.100
2005 271 1651   0.200
2005 271 1652   0.100
2005 271 1654   0.100
2005 271 1700   0.100
2005 271 1703   0.100
2005 271 1704   0.100
2005 271 1707   0.100
2005 271 1717   0.100
2005 271 1757   0.100
2005 271 1805   0.100
2005 271 1806   0.300
2005 271 1807   0.500
2005 271 1808   0.500
2005 271 1809   0.400
2005 271 1810   0.400
2005 271 1811   0.400
2005 271 1812   0.800
2005 271 1813   1.000
2005 271 1814   0.800
2005 271 1815   0.400
2005 271 1816   0.300
2005 271 1817   0.300
2005 271 1818   0.100
2005 271 1819   0.100
2005 271 1820   0.200
2005 271 1822   0.100
2005 271 1827   0.100
2005 271 1829   0.100
2005 271 1831   0.100
2005 271 1832   0.100
2005 271 1833   0.100
2005 271 1834   0.200
2005 271 1835   0.200
2005 271 1836   0.300
2005 271 1837   0.500
2005 271 1838   0.300
2005 271 1839   0.200
2005 271 1840   0.100
2005 271 1841   0.100
2005 271 1843   0.100
2005 271 1926   0.100
2005 271 2232   0.100
2005 272 0010   0.100
2005 272 0011   0.200
2005 272 0012   0.100
2005 272 0013   0.100
2005 272 0017   0.100
2005 272 0021   0.100
2005 272 0022   0.100
2005 272 0024   0.100
2005 272 0025   0.100
2005 272 0027   0.100
2005 272 0034   0.100
2005 272 0105   0.100
2005 272 0246   0.100
2005 272 0247   0.100
2005 272 0249   0.100
2005 272 0251   0.100
2005 272 0252   0.100
2005 272 0254   0.100
2005 272 0256   0.100
2005 272 0258   0.100
2005 272 0302   0.100
2005 272 0305   0.100
2005 272 0307   0.100
2005 272 0308   0.100
2005 272 0310   0.100
2005 272 0311   0.100
2005 272 0312   0.100
2005 272 0314   0.100
2005 272 0315   0.100
2005 272 0316   0.100
2005 272 0317   0.100
2005 272 0318   0.100
2005 272 0319   0.100
2005 272 0320   0.200
2005 272 0321   0.100
2005 272 0322   0.100
2005 272 0323   0.200
2005 272 0324   0.100
2005 272 0325   0.100
2005 272 0326   0.100
2005 272 0327   0.100
2005 272 0329   0.100
2005 272 0335   0.100
2005 272 0340   0.100
2005 272 0343   0.100
2005 272 0345   0.100
2005 272 0347   0.100
2005 272 0350   0.100
2005 272 0354   0.100
2005 272 0358   0.100
2005 272 0412   0.100
2005 272 0416   0.100
2005 272 0423   0.100
2005 272 0428   0.100
2005 272 0431   0.100
2005 272 0432   0.100
2005 272 0433   0.100
2005 272 0435   0.100
2005 272 0438   0.100
2005 272 0443   0.100
2005 272 0448   0.100
2005 272 0450   0.100
2005 272 0454   0.100
2005 272 0520   0.100
2005 272 0530   0.100
2005 272 0626   0.100
2005 272 0627   0.200
2005 272 0628   0.100
2005 272 0629   0.100
2005 272 0630   0.100
2005 272 0633   0.100
2005 272 0641   0.100
2005 272 1428   0.100
2005 272 1431   0.100
2005 272 1432   0.100
2005 272 1433   0.200
2005 272 1434   0.200
2005 272 1435   0.100
2005 272 1436   0.100
2005 272 1437   0.200
2005 272 1438   0.100
2005 272 1439   0.100
2005 272 1440   0.100
2005 272 1442   0.100
2005 272 1446   0.100
2005 272 1505   0.100
2005 272 1732   0.300
2005 272 1733   0.400
2005 272 1734   0.400
2005 272 1735   0.300
2005 272 1736   0.400
2005 272 1737   0.500
2005 272 1738   1.000
2005 272 1739   0.700
2005 272 1740   0.300
2005 272 1741   0.300
2005 272 1742   0.400
2005 272 1743   0.100
2005 272 1744   0.200
2005 272 1746   0.100
2005 272 1756   0.100
2005 272 1758   0.100
2005 272 1759   0.100
2005 272 1800   0.100
2005 272 1801   0.200
2005 272 1802   0.100
2005 272 1804   0.100
2005 272 1805   0.100
2005 272 1806   0.100
2005 272 1807   0.200
2005 272 1808   0.100
2005 272 1809   0.200
2005 272 1810   0.100
2005 272 1811   0.100
2005 272 1812   0.200
2005 272 1813   0.200
2005 272 1816   0.100
2005 272 1827   0.100
2005 272 1829   0.100
2005 272 1832   0.100
2005 272 1837   0.100
2005 272 1842   0.100
2005 272 1843   0.100
2005 272 1844   0.100
2005 272 1845   0.100
2005 272 1846   0.100
2005 272 1847   0.200
2005 272 1848   0.300
2005 272 1849   0.200
2005 272 1850   0.200
2005 272 1851   0.400
2005 272 1852   0.600
2005 272 1853   0.400
2005 272 1854   0.100
2005 272 1855   0.100
2005 272 1858   0.100
2005 272 1902   0.100
2005 272 1909   0.100
2005 272 1913   0.100
2005 272 1919   0.100
2005 272 1954   0.100
2005 272 2244   0.100
2005 273 0353   0.100
2005 279 0424   0.100
2005 279 0427   0.100
2005 279 0431   0.100
2005 279 0432   0.100
2005 279 0433   0.100
2005 279 0434   0.200
2005 279 0435   0.200
2005 279 0436   0.100
2005 279 0437   0.100
2005 279 0439   0.100
2005 279 0440   0.100
2005 279 0442   0.100
2005 279 0447   0.100
2005 279 0539   0.100
2005 279 0541   0.100
2005 279 0542   0.100
2005 279 0543   0.100
2005 279 0544   0.100
2005 279 0545   0.100
2005 279 0547   0.100
2005 279 0548   0.100
2005 279 0550   0.100
2005 279 0602   0.100
2005 279 0608   0.100
2005 279 1103   0.100
2005 279 1104   0.100
2005 279 1105   0.100
2005 279 1106   0.100
2005 279 1107   0.100
2005 279 1118   0.100
2005 279 1126   0.100
2005 279 1135   0.100
2005 279 1147   0.100
2005 279 1153   0.100
2005 279 1159   0.100
2005 279 1206   0.100
2005 279 1212   0.100
2005 279 1217   0.100
2005 279 1224   0.100
2005 279 1225   0.100
2005 279 1227   0.100
2005 279 1228   0.100
2005 279 1229   0.100
2005 279 1230   0.100
2005 279 1231   0.100
2005 279 1233   0.100
2005 279 1236   0.100
2005 279 1237   0.100
2005 279 1240   0.100
2005 279 1243   0.100
2005 279 1246   0.100
2005 279 1247   0.100
2005 279 1251   0.100
2005 281 1821   0.100
2005 281 1822   0.300
2005 281 1823   0.200
2005 281 1824   0.100
2005 281 1825   0.100
2005 281 1848   0.100
2005 281 1851   0.100
2005 281 1855   0.100
2005 281 1902   0.100
2005 281 1903   0.200
2005 281 1904   0.200
2005 281 1905   0.100
2005 281 1906   0.100
2005 281 2034   0.100
2005 282 0122   0.100
2005 282 0126   0.100
2005 282 0139   0.100
2005 282 0140   0.100
2005 282 0141   0.100
2005 282 0142   0.100
2005 282 0143   0.100
2005 282 0144   0.100
2005 282 0146   0.100
2005 282 0150   0.100
2005 282 0152   0.100
2005 282 0221   0.100
2005 282 0225   0.100
2005 282 0227   0.100
2005 282 0228   0.100
2005 282 0229   0.100
2005 282 0231   0.100
2005 282 0236   0.100
2005 282 0251   0.100
2005 282 0253   0.100
2005 282 0254   0.100
2005 282 0256   0.100
2005 282 0258   0.100
2005 282 0259   0.100
2005 282 0301   0.100
2005 282 0615   0.100
2005 282 0617   0.100
2005 282 0635   0.100
2005 282 0934   0.100
2005 282 0935   0.100
2005 282 0937   0.100
2005 282 0939   0.100
2005 282 0944   0.100
2005 282 0945   0.100
2005 282 1000   0.100
2005 282 1219   0.200
2005 282 1220   0.300
2005 282 1221   0.300
2005 282 1222   0.200
2005 282 1224   0.100
2005 282 1228   0.100
2005 282 1557   0.100
2005 282 1610   0.100
2005 288 0906   0.100
2005 288 0916   0.100
2005 288 0918   0.100
2005 288 0920   0.100
2005 288 0923   0.100
2005 288 0927   0.100
2005 288 0930   0.100
2005 288 0933   0.100
2005 288 0936   0.100
2005 288 0940   0.100
2005 288 0945   0.100
2005 288 0950   0.100
2005 288 0954   0.100
2005 288 0958   0.100
2005 288 1002   0.100
2005 288 1004   0.100
2005 288 1006   0.100
2005 288 1009   0.100
2005 288 1012   0.100
2005 288 1015   0.100
2005 288 1018   0.100
2005 288 1020   0.100
2005 288 1022   0.100
2005 288 1025   0.100
2005 288 1027   0.100
2005 288 1029   0.100
2005 288 1031   0.100
2005 288 1033   0.100
2005 288 1035   0.100
2005 288 1037   0.100
2005 288 1039   0.100
2005 288 1040   0.100
2005 288 1043   0.100
2005 288 1047   0.100
2005 288 1051   0.100
2005 288 1056   0.100
2005 288 1100   0.100
2005 288 1110   0.100
2005 288 1436   0.100
2005 288 1516   0.100
2005 288 1521   0.100
2005 288 1542   0.100
2005 288 1547   0.100
2005 288 1548   0.100
2005 288 1550   0.100
2005 288 1552   0.100
2005 288 1553   0.100
2005 288 1555   0.100
2005 288 1556   0.100
2005 288 1558   0.100
2005 288 1601   0.100
2005 288 1603   0.100
2005 288 1604   0.100
2005 288 1605   0.100
2005 288 1608   0.100
2005 288 1611   0.100
2005 288 1622   0.100
2005 288 1638   0.100
2005 288 2328   0.100
2005 289 0829   0.100
2005 291 1559   0.100
2005 291 1605   0.100
2005 291 1606   0.100
2005 291 1609   0.100
2005 291 1610   0.100
2005 291 1612   0.100
2005 291 1613   0.100
2005 291 1614   0.100
2005 291 1615   0.100
2005 330 2331   0.100
2005 330 2348   0.100
2005 347 0654   0.100
2005 347 0836   0.100
2005 347 0838   0.100
2005 347 0844   0.100
2005 347 0852   0.100
2006  25 1446   0.100
2006  25 1450   0.100
2006  25 1513   0.100
2006  60 1858   0.100
2006  60 1903   0.100
2006  60 1911   0.100
2006  71 0812   0.100
2006  81 1002   0.100
2006  81 1009   0.100
2006  81 1014   0.100
2006  81 1018   0.100
2006  81 1020   0.100
2006  81 1022   0.100
2006  81 1024   0.100
2006  81 1026   0.100
2006  81 1027   0.100
2006  81 1029   0.100
2006  81 1030   0.100
2006  81 1031   0.100
2006  81 1032   0.100
2006  81 1033   0.100
2006  81 1034   0.100
2006  81 1035   0.100
2006  81 1036   0.100
2006  81 1037   0.100
2006  81 1038   0.100
2006  81 1039   0.100
2006  81 1041   0.100
2006  81 1042   0.100
2006  81 1043   0.100
2006  81 1045   0.100
2006  81 1046   0.100
2006  81 1047   0.100
2006  81 1049   0.100
2006  81 1050   0.100
2006  81 1051   0.100
2006  81 1053   0.100
2006  81 1054   0.100
2006  81 1056   0.100
2006  81 1058   0.100
2006  81 1100   0.100
2006  81 1102   0.100
2006  81 1104   0.100
2006  81 1107   0.100
2006  81 1109   0.100
2006  81 1112   0.100
2006  81 1114   0.100
2006  81 1117   0.100
2006  81 1119   0.100
2006  81 1121   0.100
2006  81 1123   0.100
2006  81 1126   0.100
2006  81 1128   0.100
2006  81 1130   0.100
2006  81 1132   0.100
2006  81 1134   0.100
2006  81 1136   0.100
2006  81 1139   0.100
2006  81 1141   0.100
2006  81 1143   0.100
2006  81 1146   0.100
2006  81 1148   0.100
2006  81 1150   0.100
2006  81 1153   0.100
2006  81 1155   0.100
2006  81 1157   0.100
2006  81 1200   0.100
2006  81 1203   0.100
2006  81 1206   0.100
2006  81 1210   0.100
2006 119 0219   0.100
2006 119 0227   0.100
2006 119 0358   0.100
2006 119 0500   0.100
2006 119 0537   0.100
2006 119 0550   0.100
2006 119 0557   0.100
2006 119 0602   0.100
2006 119 0607   0.100
2006 119 0616   0.100
2006 119 0626   0.100
2006 119 0642   0.100
2006 159 0432   0.200
2006 159 0433   0.100
2006 159 0435   0.100
2006 175 1642   0.100
2006 175 1644   0.100
2006 175 1645   0.100
2006 176 1627   0.100
2006 177 2018   0.100
2006 177 2021   0.100
2006 177 2025   0.100
2006 177 2028   0.100
2006 177 2031   0.100
2006 177 2035   0.100
2006 177 2037   0.100
2006 177 2038   0.100
2006 177 2039   0.100
2006 177 2041   0.100
2006 177 2043   0.100
2006 177 2044   0.100
2006 177 2045   0.100
2006 177 2046   0.200
2006 177 2047   0.100
2006 177 2048   0.200
2006 177 2049   0.300
2006 177 2050   0.600
2006 177 2051   0.400
2006 177 2052   0.300
2006 177 2053   0.200
2006 177 2054   0.300
2006 177 2055   0.200
2006 177 2056   0.200
2006 177 2057   0.100
2006 177 2058   0.100
2006 177 2059   0.100
2006 177 2100   0.100
2006 177 2101   0.100
2006 177 2102   0.100
2006 177 2103   0.100
2006 177 2104   0.100
2006 177 2105   0.100
2006 177 2106   0.100
2006 177 2107   0.200
2006 177 2108   0.200
2006 177 2109   0.100
2006 177 2110   0.200
2006 177 2111   0.100
2006 177 2112   0.200
2006 177 2113   0.200
2006 177 2114   0.100
2006 177 2115   0.200
2006 177 2116   0.100
2006 177 2117   0.100
2006 177 2118   0.100
2006 177 2120   0.100
2006 177 2121   0.100
2006 177 2122   0.100
2006 177 2124   0.100
2006 177 2125   0.100
2006 177 2126   0.100
2006 177 2127   0.200
2006 177 2128   0.100
2006 177 2129   0.100
2006 177 2130   0.200
2006 177 2132   0.100
2006 177 2133   0.100
2006 177 2134   0.100
2006 177 2135   0.100
2006 177 2137   0.100
2006 177 2139   0.100
2006 177 2141   0.100
2006 177 2142   0.100
2006 177 2145   0.100
2006 177 2146   0.100
2006 177 2147   0.100
2006 177 2149   0.100
2006 177 2150   0.100
2006 177 2151   0.100
2006 177 2153   0.100
2006 177 2154   0.100
2006 177 2156   0.100
2006 177 2158   0.100
2006 177 2201   0.100
2006 177 2206   0.100
2006 177 2209   0.100
2006 177 2212   0.100
2006 177 2215   0.100
2006 177 2217   0.100
2006 177 2220   0.100
2006 177 2222   0.100
2006 177 2223   0.100
2006 177 2224   0.100
2006 177 2226   0.100
2006 177 2227   0.100
2006 177 2228   0.100
2006 177 2229   0.100
2006 177 2230   0.100
2006 177 2231   0.200
2006 177 2232   0.100
2006 177 2233   0.200
2006 177 2234   0.100
2006 177 2235   0.100
2006 177 2236   0.200
2006 177 2237   0.200
2006 177 2238   0.100
2006 177 2239   0.200
2006 177 2240   0.100
2006 177 2241   0.200
2006 177 2242   0.100
2006 177 2243   0.100
2006 177 2244   0.100
2006 177 2245   0.100
2006 177 2246   0.100
2006 177 2247   0.100
2006 177 2249   0.100
2006 177 2251   0.100
2006 177 2253   0.100
2006 177 2254   0.100
2006 177 2256   0.100
2006 177 2257   0.100
2006 177 2258   0.100
2006 177 2259   0.100
2006 177 2300   0.200
2006 177 2301   0.100
2006 177 2302   0.100
2006 177 2303   0.100
2006 177 2304   0.200
2006 177 2305   0.100
2006 177 2306   0.100
2006 177 2307   0.100
2006 177 2308   0.100
2006 177 2309   0.100
2006 177 2311   0.100
2006 177 2314   0.100
2006 177 2331   0.100
2006 185 2010   0.100
2006 185 2019   0.100
2006 185 2026   0.100
2006 186 1032   0.400
2006 186 1033   0.800
2006 186 1034   0.900
2006 186 1035   1.000
2006 186 1036   0.900
2006 186 1037   0.800
2006 186 1038   0.900
2006 186 1039   1.300
2006 186 1040   1.200
2006 186 1041   0.800
2006 186 1042   0.600
2006 186 1043   0.700
2006 186 1044   0.800
2006 186 1045   0.700
2006 186 1046   0.800
2006 186 1047   0.600
2006 186 1048   0.200
2006 186 1049   0.200
2006 186 1050   0.200
2006 186 1051   0.300
2006 186 1052   0.100
2006 186 1053   0.200
2006 186 1055   0.100
2006 186 1100   0.100
2006 186 1105   0.100
2006 186 1111   0.100
2006 187 1520   0.100
2006 187 1522   0.100
2006 187 1530   0.100
2006 187 1544   0.100
2006 187 1547   0.100
2006 187 1552   0.100
2006 187 1555   0.100
2006 187 1558   0.100
2006 187 1633   0.100
2006 187 1638   0.100
2006 187 1645   0.100
2006 187 1649   0.100
2006 187 1655   0.100
2006 187 1704   0.100
2006 187 1714   0.100
2006 187 1837   0.100
2006 187 1852   0.100
2006 187 2038   0.100
2006 189 0053   0.100
2006 189 0107   0.100
2006 189 0118   0.100
2006 189 0120   0.100
2006 189 0121   0.100
2006 189 0123   0.100
2006 189 0125   0.200
2006 189 0126   0.100
2006 189 0128   0.100
2006 189 0130   0.100
2006 189 0131   0.100
2006 189 0135   0.100
2006 189 0137   0.100
2006 189 0140   0.100
2006 189 0144   0.100
2006 189 1953   0.100
2006 189 2011   0.100
2006 189 2106   0.100
2006 189 2107   0.100
2006 189 2108   0.100
2006 189 2109   0.100
2006 189 2111   0.100
2006 189 2114   0.100
2006 189 2115   0.100
2006 189 2116   0.100
2006 189 2118   0.100
2006 189 2120   0.100
2006 190 0459   0.100
2006 196 1406   0.100
2006 196 1407   0.200
2006 196 1408   0.200
2006 196 1409   0.200
2006 196 1411   0.100
2006 196 1413   0.100
2006 196 1417   0.100
2006 196 1424   0.100
2006 196 1451   0.100
2006 196 1452   0.100
2006 196 1455   0.100
2006 196 1457   0.100
2006 196 1458   0.400
2006 196 1459   0.500
2006 196 1500   0.200
2006 196 1501   0.200
2006 196 1502   0.100
2006 202 2015   0.100
2006 202 2016   0.100
2006 207 2052   0.100
2006 207 2056   0.100
2006 207 2100   0.100
2006 207 2103   0.100
2006 207 2118   0.100
2006 207 2123   0.100
2006 207 2132   0.100
2006 207 2200   0.100
2006 207 2206   0.100
2006 207 2210   0.100
2006 207 2218   0.100
2006 207 2224   0.100
2006 207 2241   0.100
2006 207 2324   0.100
2006 207 2326   0.100
2006 207 2330   0.100
2006 207 2335   0.100
2006 207 2344   0.100
2006 207 2349   0.100
2006 207 2352   0.100
2006 207 2354   0.100
2006 207 2356   0.100
2006 207 2359   0.100
2006 208 0001   0.100
2006 208 0002   0.100
2006 208 0004   0.100
2006 208 0005   0.100
2006 208 0007   0.100
2006 208 0009   0.100
2006 208 0010   0.100
2006 208 0012   0.100
2006 208 0013   0.100
2006 208 0014   0.100
2006 208 0015   0.100
2006 208 0016   0.100
2006 208 0017   0.100
2006 208 0018   0.100
2006 208 0019   0.100
2006 208 0020   0.100
2006 208 0021   0.100
2006 208 0022   0.100
2006 208 0023   0.100
2006 208 0025   0.100
2006 208 0026   0.100
2006 208 0028   0.100
2006 208 0030   0.100
2006 208 0032   0.100
2006 208 0033   0.100
2006 208 0035   0.100
2006 208 0037   0.100
2006 208 0039   0.100
2006 208 0041   0.100
2006 208 0044   0.100
2006 208 0046   0.100
2006 208 0049   0.100
2006 208 0052   0.100
2006 208 0059   0.100
2006 208 0111   0.100
2006 208 1717   0.100
2006 208 1718   0.400
2006 208 1719   0.500
2006 208 1720   0.600
2006 208 1721   0.400
2006 208 1722   0.400
2006 208 1723   0.500
2006 208 1724   0.400
2006 208 1725   0.400
2006 208 1726   0.300
2006 208 1727   0.200
2006 208 1728   0.200
2006 208 1729   0.200
2006 208 1730   0.100
2006 208 1731   0.100
2006 208 1733   0.100
2006 208 1734   0.100
2006 208 1852   0.100
2006 209 1342   0.300
2006 209 1343   0.800
2006 209 1344   0.800
2006 209 1345   0.900
2006 209 1346   0.700
2006 209 1347   0.700
2006 209 1348   0.700
2006 209 1349   0.600
2006 209 1350   0.500
2006 209 1351   0.500
2006 209 1352   0.500
2006 209 1353   0.300
2006 209 1354   0.300
2006 209 1355   0.300
2006 209 1356   0.200
2006 209 1357   0.400
2006 209 1358   0.300
2006 209 1359   0.300
2006 209 1400   0.500
2006 209 1401   0.300
2006 209 1402   0.200
2006 209 1403   0.300
2006 209 1404   0.300
2006 209 1405   0.100
2006 209 1406   0.200
2006 209 1407   0.200
2006 209 1408   0.200
2006 209 1409   0.100
2006 209 1411   0.100
2006 209 1412   0.100
2006 209 1414   0.100
2006 209 1415   0.100
2006 209 1417   0.100
2006 209 1420   0.100
2006 209 1422   0.100
2006 209 1424   0.100
2006 209 1428   0.100
2006 209 1430   0.100
2006 209 1431   0.100
2006 209 1433   0.100
2006 209 1437   0.100
2006 209 1440   0.100
2006 209 1445   0.100
2006 209 1450   0.100
2006 209 1454   0.100
2006 209 1457   0.100
2006 209 1502   0.100
2006 209 1504   0.100
2006 209 1552   0.100
2006 209 1555   0.100
2006 209 1600   0.100
2006 209 1604   0.100
2006 209 1614   0.100
2006 209 1615   0.200
2006 209 1616   0.200
2006 209 1617   0.200
2006 209 1618   0.300
2006 209 1619   0.300
2006 209 1620   0.200
2006 209 1621   0.100
2006 209 1622   0.100
2006 209 1623   0.100
2006 209 1625   0.100
2006 209 1626   0.100
2006 209 1627   0.100
2006 209 1628   0.100
2006 209 1629   0.200
2006 209 1630   0.200
2006 209 1631   0.100
2006 209 1632   0.300
2006 209 1633   0.300
2006 209 1634   0.500
2006 209 1635   0.500
2006 209 1636   0.700
2006 209 1637   0.500
2006 209 1638   0.400
2006 209 1639   0.300
2006 209 1640   0.300
2006 209 1641   0.200
2006 209 1642   0.200
2006 209 1643   0.400
2006 209 1644   0.300
2006 209 1645   0.300
2006 209 1646   0.200
2006 209 1647   0.200
2006 209 1648   0.100
2006 209 1649   0.200
2006 209 1650   0.100
2006 209 1651   0.100
2006 209 1653   0.100
2006 209 1655   0.100
2006 209 1657   0.100
2006 209 1659   0.100
2006 209 1701   0.100
2006 209 1703   0.100
2006 209 1706   0.100
2006 209 1708   0.100
2006 209 1709   0.100
2006 209 1710   0.100
2006 209 1711   0.100
2006 209 1712   0.100
2006 209 1713   0.100
2006 209 1714   0.100
2006 209 1715   0.100
2006 209 1717   0.100
2006 209 1718   0.100
2006 209 1719   0.100
2006 209 1720   0.200
2006 209 1722   0.100
2006 209 1723   0.100
2006 209 1725   0.100
2006 209 1726   0.100
2006 209 1727   0.100
2006 209 1728   0.100
2006 209 1730   0.100
2006 209 1731   0.200
2006 209 1732   0.100
2006 209 1733   0.100
2006 209 1734   0.100
2006 209 1735   0.100
2006 209 1736   0.100
2006 209 1738   0.100
2006 209 1739   0.100
2006 209 1740   0.100
2006 209 1741   0.100
2006 209 1744   0.100
2006 209 1751   0.100
2006 209 1758   0.100
2006 209 1804   0.100
2006 209 1811   0.100
2006 209 1815   0.100
2006 209 1821   0.100
2006 209 1829   0.100
2006 210 0041   0.100
2006 210 0154   0.100
2006 210 0250   0.100
2006 210 0304   0.100
2006 210 0306   0.100
2006 210 0310   0.100
2006 210 0311   0.100
2006 210 0312   0.100
2006 210 0313   0.100
2006 210 0314   0.200
2006 210 0315   0.200
2006 210 0316   0.200
2006 210 0317   0.100
2006 210 0318   0.200
2006 210 0319   0.100
2006 210 0320   0.100
2006 210 0321   0.200
2006 210 0322   0.100
2006 210 0323   0.100
2006 210 0326   0.100
2006 210 0327   0.100
2006 210 0329   0.100
2006 210 0331   0.100
2006 210 0333   0.100
2006 210 0334   0.100
2006 210 0335   0.100
2006 210 0336   0.200
2006 210 0337   0.400
2006 210 0338   0.300
2006 210 0339   0.100
2006 210 0340   0.100
2006 210 0341   0.100
2006 210 0342   0.200
2006 210 0344   0.100
2006 210 0345   0.100
2006 210 0346   0.100
2006 210 0347   0.100
2006 210 0349   0.100
2006 210 0350   0.100
2006 210 0352   0.100
2006 210 0355   0.100
2006 210 0357   0.100
2006 210 0359   0.100
2006 210 0404   0.100
2006 210 0409   0.100
2006 210 0416   0.100
2006 210 0418   0.100
2006 210 0420   0.100
2006 210 0428   0.100
2006 210 0436   0.100
2006 210 0448   0.100
2006 210 0451   0.100
2006 210 0455   0.100
2006 210 0457   0.100
2006 210 0458   0.100
2006 210 0500   0.100
2006 210 0503   0.100
2006 210 0510   0.100
2006 210 0530   0.100
2006 210 0540   0.100
2006 210 0543   0.100
2006 210 0546   0.100
2006 210 0557   0.100
2006 210 0619   0.100
2006 210 0640   0.100
2006 210 0719   0.100
2006 210 0727   0.100
2006 210 0742   0.100
2006 210 1419   0.100
2006 210 1421   0.100
2006 210 1423   0.100
2006 210 1424   0.100
2006 210 1426   0.100
2006 210 1432   0.100
2006 210 1437   0.100
2006 210 1442   0.100
2006 210 1453   0.100
2006 210 1456   0.100
2006 210 1459   0.100
2006 210 1500   0.100
2006 210 1502   0.100
2006 210 1504   0.100
2006 210 1506   0.100
2006 210 1508   0.100
2006 210 1518   0.100
2006 210 1524   0.100
2006 210 1529   0.100
2006 210 1532   0.100
2006 210 1536   0.100
2006 210 1537   0.100
2006 210 1539   0.100
2006 210 1541   0.100
2006 210 1542   0.100
2006 210 1544   0.100
2006 210 1546   0.100
2006 210 1547   0.100
2006 210 1549   0.100
2006 210 1552   0.100
2006 210 1555   0.100
2006 210 1558   0.100
2006 210 1607   0.100
2006 210 1610   0.100
2006 210 1624   0.100
2006 210 1711   0.100
2006 212 0350   0.100
2006 212 0539   0.100
2006 212 0540   0.200
2006 212 0541   0.100
2006 212 0542   0.100
2006 212 0543   0.100
2006 212 0544   0.100
2006 212 0546   0.100
2006 212 0547   0.100
2006 212 0550   0.100
2006 212 0552   0.100
2006 212 0553   0.200
2006 212 0554   0.100
2006 212 0556   0.100
2006 212 0600   0.100
2006 212 0602   0.100
2006 212 0607   0.100
2006 212 0650   0.100
2006 212 0651   0.200
2006 212 0652   0.200
2006 212 0653   0.300
2006 212 0654   0.300
2006 212 0655   0.400
2006 212 0656   0.400
2006 212 0657   0.400
2006 212 0658   0.500
2006 212 0659   0.300
2006 212 0700   0.300
2006 212 0701   0.300
2006 212 0702   0.500
2006 212 0703   0.400
2006 212 0704   0.400
2006 212 0705   0.300
2006 212 0706   0.400
2006 212 0707   0.300
2006 212 0708   0.200
2006 212 0709   0.300
2006 212 0710   0.200
2006 212 0711   0.200
2006 212 0712   0.100
2006 212 0713   0.100
2006 212 0714   0.100
2006 212 0716   0.100
2006 212 0717   0.100
2006 212 0719   0.100
2006 212 0723   0.100
2006 212 0727   0.100
2006 212 0732   0.100
2006 212 0737   0.100
2006 212 0740   0.100
2006 212 0752   0.100
2006 212 0814   0.100
2006 212 0825   0.100
2006 212 2019   0.100
2006 212 2023   0.100
2006 212 2027   0.100
2006 212 2029   0.100
2006 212 2032   0.100
2006 212 2034   0.100
2006 212 2036   0.100
2006 212 2038   0.100
2006 212 2041   0.100
2006 212 2043   0.100
2006 212 2045   0.100
2006 212 2047   0.100
2006 212 2050   0.100
2006 212 2051   0.100
2006 212 2054   0.100
2006 212 2057   0.100
2006 212 2059   0.100
2006 212 2101   0.100
2006 212 2103   0.100
2006 212 2105   0.100
2006 212 2107   0.100
2006 212 2108   0.100
2006 212 2110   0.100
2006 212 2112   0.100
2006 212 2114   0.100
2006 212 2116   0.100
2006 212 2118   0.100
2006 212 2120   0.100
2006 212 2123   0.100
2006 212 2126   0.100
2006 212 2129   0.100
2006 212 2133   0.100
2006 212 2138   0.100
2006 212 2143   0.100
2006 212 2148   0.100
2006 212 2152   0.100
2006 212 2156   0.100
2006 212 2207   0.100
2006 212 2227   0.100
2006 212 2258   0.100
2006 213 0216   0.100
2006 213 0218   0.100
2006 213 0221   0.100
2006 213 0223   0.100
2006 213 0229   0.100
2006 213 0231   0.100
2006 213 0233   0.100
2006 213 0235   0.100
2006 213 0237   0.100
2006 213 0238   0.100
2006 213 0241   0.100
2006 213 0243   0.100
2006 213 0245   0.100
2006 213 0247   0.100
2006 213 0251   0.100
2006 213 0255   0.100
2006 213 0257   0.100
2006 213 0258   0.100
2006 213 0259   0.100
2006 213 0300   0.100
2006 213 0301   0.100
2006 213 0303   0.100
2006 213 0305   0.100
2006 213 0306   0.100
2006 213 0307   0.100
2006 213 0308   0.200
2006 213 0309   0.100
2006 213 0311   0.100
2006 213 0312   0.100
2006 213 0314   0.100
2006 213 0315   0.100
2006 213 0316   0.100
2006 213 0317   0.100
2006 213 0322   0.100
2006 213 0524   0.100
2006 213 0902   0.100
2006 213 0947   0.100
2006 213 1653   0.100
2006 213 1657   0.100
2006 213 1659   0.100
2006 213 1702   0.100
2006 213 1705   0.100
2006 213 1706   0.200
2006 213 1707   0.100
2006 213 1708   0.400
2006 213 1709   0.800
2006 213 1710   0.600
2006 213 1711   0.400
2006 213 1712   0.100
2006 213 1713   0.300
2006 213 1714   0.400
2006 213 1715   0.300
2006 213 1716   0.700
2006 213 1717   0.500
2006 213 1719   0.100
2006 213 1721   0.200
2006 213 1722   0.100
2006 213 1723   0.300
2006 213 1724   0.300
2006 213 1725   0.300
2006 213 1726   0.400
2006 213 1727   0.400
2006 213 1728   0.200
2006 213 1729   0.200
2006 213 1730   0.200
2006 213 1734   0.100
2006 213 1737   0.100
2006 213 1739   0.100
2006 213 1740   0.100
2006 213 1741   0.100
2006 213 1742   0.100
2006 213 1743   0.100
2006 213 1744   0.100
2006 213 1748   0.100
2006 213 1752   0.200
2006 213 1753   0.200
2006 213 1754   0.200
2006 213 1755   0.100
2006 213 1756   0.200
2006 213 1757   0.600
2006 213 1758   0.200
2006 213 1759   0.400
2006 213 1800   0.300
2006 213 1801   0.100
2006 213 1803   0.100
2006 213 1804   0.200
2006 213 1805   0.300
2006 213 1806   0.300
2006 213 1807   0.100
2006 213 1810   0.100
2006 213 1814   0.100
2006 213 1816   0.200
2006 213 1817   0.200
2006 213 1818   0.500
2006 213 1819   0.600
2006 213 1820   0.200
2006 213 1821   0.100
2006 213 1822   0.200
2006 213 1826   0.100
2006 213 1833   0.100
2006 213 1848   0.100
2006 214 0808   0.100
2006 216 1418   0.100
2006 216 1421   0.100
2006 216 1556   0.300
2006 216 1557   0.500
2006 216 1558   0.400
2006 216 1559   0.400
2006 216 1600   0.400
2006 216 1601   0.500
2006 216 1602   0.300
2006 216 1603   0.300
2006 216 1604   0.100
2006 216 1605   0.200
2006 216 1606   0.100
2006 216 1608   0.100
2006 216 1609   0.100
2006 216 1610   0.200
2006 216 1611   0.200
2006 216 1612   0.100
2006 216 1613   0.200
2006 216 1614   0.100
2006 216 1615   0.100
2006 216 1619   0.100
2006 216 1622   0.100
2006 216 1623   0.100
2006 216 1624   0.100
2006 216 1625   0.100
2006 216 1626   0.100
2006 216 1627   0.100
2006 216 1629   0.100
2006 216 1631   0.100
2006 216 1648   0.100
2006 216 1656   0.100
2006 216 1659   0.100
2006 216 1703   0.100
2006 216 1711   0.100
2006 216 1714   0.100
2006 216 1715   0.100
2006 216 1716   0.100
2006 216 1718   0.200
2006 216 1719   0.300
2006 216 1720   0.300
2006 216 1721   0.100
2006 216 1722   0.100
2006 216 1725   0.100
2006 216 1736   0.100
2006 216 1737   0.100
2006 216 1739   0.100
2006 216 1740   0.100
2006 216 1741   0.100
2006 216 1742   0.100
2006 216 1744   0.100
2006 216 1745   0.100
2006 216 1747   0.100
2006 216 1749   0.100
2006 216 1757   0.100
2006 216 1828   0.100
2006 216 1840   0.100
2006 216 1845   0.100
2006 216 1850   0.100
2006 216 1854   0.100
2006 216 1859   0.100
2006 216 1946   0.100
2006 223 2154   0.100
2006 223 2155   0.200
2006 223 2156   0.400
2006 223 2157   0.300
2006 223 2158   0.500
2006 223 2159   0.500
2006 223 2200   0.500
2006 223 2201   0.700
2006 223 2202   0.600
2006 223 2203   0.900
2006 223 2204   0.800
2006 223 2205   1.000
2006 223 2206   0.700
2006 223 2207   0.800
2006 223 2208   0.600
2006 223 2209   0.600
2006 223 2210   0.400
2006 223 2211   0.300
2006 223 2212   0.400
2006 223 2213   0.300
2006 223 2214   0.400
2006 223 2215   0.200
2006 223 2218   0.100
2006 223 2221   0.100
2006 223 2222   0.100
2006 223 2224   0.100
2006 223 2231   0.100
2006 223 2300   0.100
2006 223 2305   0.100
2006 223 2311   0.100
2006 223 2318   0.100
2006 226 1201   0.100
2006 226 1202   0.100
2006 226 1203   0.100
2006 226 1204   0.100
2006 226 1205   0.100
2006 226 1211   0.100
2006 226 1257   0.100
2006 227 0538   0.100
2006 227 0547   0.100
2006 227 0552   0.100
2006 227 0554   0.100
2006 227 0557   0.100
2006 227 0559   0.100
2006 227 0603   0.100
2006 227 0607   0.100
2006 227 0613   0.100
2006 227 0618   0.100
2006 227 0626   0.100
2006 227 0633   0.100
2006 227 0646   0.100
2006 227 0702   0.100
2006 227 0725   0.100
2006 227 0833   0.100
2006 227 0848   0.100
2006 227 0857   0.100
2006 227 0920   0.100
2006 227 1417   0.100
2006 227 1419   0.100
2006 227 1420   0.100
2006 227 1421   0.100
2006 227 1422   0.100
2006 227 1423   0.400
2006 227 1424   0.900
2006 227 1425   0.900
2006 227 1426   1.100
2006 227 1427   1.000
2006 227 1428   0.700
2006 227 1429   0.500
2006 227 1430   0.400
2006 227 1431   0.500
2006 227 1432   0.300
2006 227 1433   0.200
2006 227 1434   0.300
2006 227 1435   0.200
2006 227 1436   0.300
2006 227 1437   0.100
2006 227 1438   0.100
2006 227 1440   0.100
2006 227 1446   0.100
2006 227 1448   0.100
2006 227 1449   0.100
2006 227 1450   0.100
2006 227 1451   0.100
2006 227 1452   0.100
2006 227 1454   0.100
2006 227 1455   0.100
2006 227 1457   0.100
2006 227 1500   0.100
2006 227 1501   0.200
2006 227 1502   0.300
2006 227 1503   0.200
2006 227 1504   0.100
2006 227 1505   0.100
2006 227 1506   0.100
2006 227 1507   0.100
2006 227 1508   0.100
2006 227 1509   0.100
2006 227 1513   0.100
2006 227 1517   0.100
2006 227 1519   0.100
2006 227 1521   0.200
2006 227 1523   0.100
2006 227 1524   0.100
2006 227 1526   0.100
2006 227 1528   0.100
2006 227 1532   0.100
2006 227 1537   0.100
2006 227 1543   0.100
2006 227 1549   0.100
2006 227 1552   0.100
2006 227 1554   0.100
2006 227 1555   0.100
2006 227 1556   0.100
2006 227 1558   0.100
2006 227 1601   0.100
2006 227 1603   0.100
2006 227 1604   0.100
2006 227 1606   0.100
2006 227 1608   0.100
2006 227 1610   0.100
2006 227 1612   0.100
2006 227 1614   0.100
2006 227 1617   0.100
2006 227 1623   0.100
2006 227 1627   0.100
2006 227 1634   0.100
2006 228 0612   0.100
2006 196 1406   0.100
2006 196 1407   0.200
2006 196 1408   0.200
2006 196 1409   0.200
2006 196 1411   0.100
2006 196 1413   0.100
2006 196 1417   0.100
2006 196 1424   0.100
2006 196 1451   0.100
2006 196 1452   0.100
2006 196 1455   0.100
2006 196 1457   0.100
2006 196 1458   0.400
2006 196 1459   0.500
2006 196 1500   0.200
2006 196 1501   0.200
2006 196 1502   0.100
2006 202 2015   0.100
2006 202 2016   0.100
2006 207 2052   0.100
2006 207 2056   0.100
2006 207 2100   0.100
2006 207 2103   0.100
2006 207 2118   0.100
2006 207 2123   0.100
2006 207 2132   0.100
2006 207 2200   0.100
2006 207 2206   0.100
2006 207 2210   0.100
2006 207 2218   0.100
2006 207 2224   0.100
2006 207 2241   0.100
2006 207 2324   0.100
2006 207 2326   0.100
2006 207 2330   0.100
2006 207 2335   0.100
2006 207 2344   0.100
2006 207 2349   0.100
2006 207 2352   0.100
2006 207 2354   0.100
2006 207 2356   0.100
2006 207 2359   0.100
2006 208 0001   0.100
2006 208 0002   0.100
2006 208 0004   0.100
2006 208 0005   0.100
2006 208 0007   0.100
2006 208 0009   0.100
2006 208 0010   0.100
2006 208 0012   0.100
2006 208 0013   0.100
2006 208 0014   0.100
2006 208 0015   0.100
2006 208 0016   0.100
2006 208 0017   0.100
2006 208 0018   0.100
2006 208 0019   0.100
2006 208 0020   0.100
2006 208 0021   0.100
2006 208 0022   0.100
2006 208 0023   0.100
2006 208 0025   0.100
2006 208 0026   0.100
2006 208 0028   0.100
2006 208 0030   0.100
2006 208 0032   0.100
2006 208 0033   0.100
2006 208 0035   0.100
2006 208 0037   0.100
2006 208 0039   0.100
2006 208 0041   0.100
2006 208 0044   0.100
2006 208 0046   0.100
2006 208 0049   0.100
2006 208 0052   0.100
2006 208 0059   0.100
2006 208 0111   0.100
2006 208 1717   0.100
2006 208 1718   0.400
2006 208 1719   0.500
2006 208 1720   0.600
2006 208 1721   0.400
2006 208 1722   0.400
2006 208 1723   0.500
2006 208 1724   0.400
2006 208 1725   0.400
2006 208 1726   0.300
2006 208 1727   0.200
2006 208 1728   0.200
2006 208 1729   0.200
2006 208 1730   0.100
2006 208 1731   0.100
2006 208 1733   0.100
2006 208 1734   0.100
2006 208 1852   0.100
2006 209 1342   0.300
2006 209 1343   0.800
2006 209 1344   0.800
2006 209 1345   0.900
2006 209 1346   0.700
2006 209 1347   0.700
2006 209 1348   0.700
2006 209 1349   0.600
2006 209 1350   0.500
2006 209 1351   0.500
2006 209 1352   0.500
2006 209 1353   0.300
2006 209 1354   0.300
2006 209 1355   0.300
2006 209 1356   0.200
2006 209 1357   0.400
2006 209 1358   0.300
2006 209 1359   0.300
2006 209 1400   0.500
2006 209 1401   0.300
2006 209 1402   0.200
2006 209 1403   0.300
2006 209 1404   0.300
2006 209 1405   0.100
2006 209 1406   0.200
2006 209 1407   0.200
2006 209 1408   0.200
2006 209 1409   0.100
2006 209 1411   0.100
2006 209 1412   0.100
2006 209 1414   0.100
2006 209 1415   0.100
2006 209 1417   0.100
2006 209 1420   0.100
2006 209 1422   0.100
2006 209 1424   0.100
2006 209 1428   0.100
2006 209 1430   0.100
2006 209 1431   0.100
2006 209 1433   0.100
2006 209 1437   0.100
2006 209 1440   0.100
2006 209 1445   0.100
2006 209 1450   0.100
2006 209 1454   0.100
2006 209 1457   0.100
2006 209 1502   0.100
2006 209 1504   0.100
2006 209 1552   0.100
2006 209 1555   0.100
2006 209 1600   0.100
2006 209 1604   0.100
2006 209 1614   0.100
2006 209 1615   0.200
2006 209 1616   0.200
2006 209 1617   0.200
2006 209 1618   0.300
2006 209 1619   0.300
2006 209 1620   0.200
2006 209 1621   0.100
2006 209 1622   0.100
2006 209 1623   0.100
2006 209 1625   0.100
2006 209 1626   0.100
2006 209 1627   0.100
2006 209 1628   0.100
2006 209 1629   0.200
2006 209 1630   0.200
2006 209 1631   0.100
2006 209 1632   0.300
2006 209 1633   0.300
2006 209 1634   0.500
2006 209 1635   0.500
2006 209 1636   0.700
2006 209 1637   0.500
2006 209 1638   0.400
2006 209 1639   0.300
2006 209 1640   0.300
2006 209 1641   0.200
2006 209 1642   0.200
2006 209 1643   0.400
2006 209 1644   0.300
2006 209 1645   0.300
2006 209 1646   0.200
2006 209 1647   0.200
2006 209 1648   0.100
2006 209 1649   0.200
2006 209 1650   0.100
2006 209 1651   0.100
2006 209 1653   0.100
2006 209 1655   0.100
2006 209 1657   0.100
2006 209 1659   0.100
2006 209 1701   0.100
2006 209 1703   0.100
2006 209 1706   0.100
2006 209 1708   0.100
2006 209 1709   0.100
2006 209 1710   0.100
2006 209 1711   0.100
2006 209 1712   0.100
2006 209 1713   0.100
2006 209 1714   0.100
2006 209 1715   0.100
2006 209 1717   0.100
2006 209 1718   0.100
2006 209 1719   0.100
2006 209 1720   0.200
2006 209 1722   0.100
2006 209 1723   0.100
2006 209 1725   0.100
2006 209 1726   0.100
2006 209 1727   0.100
2006 209 1728   0.100
2006 209 1730   0.100
2006 209 1731   0.200
2006 209 1732   0.100
2006 209 1733   0.100
2006 209 1734   0.100
2006 209 1735   0.100
2006 209 1736   0.100
2006 209 1738   0.100
2006 209 1739   0.100
2006 209 1740   0.100
2006 209 1741   0.100
2006 209 1744   0.100
2006 209 1751   0.100
2006 209 1758   0.100
2006 209 1804   0.100
2006 209 1811   0.100
2006 209 1815   0.100
2006 209 1821   0.100
2006 209 1829   0.100
2006 210 0041   0.100
2006 210 0154   0.100
2006 210 0250   0.100
2006 210 0304   0.100
2006 210 0306   0.100
2006 210 0310   0.100
2006 210 0311   0.100
2006 210 0312   0.100
2006 210 0313   0.100
2006 210 0314   0.200
2006 210 0315   0.200
2006 210 0316   0.200
2006 210 0317   0.100
2006 210 0318   0.200
2006 210 0319   0.100
2006 210 0320   0.100
2006 210 0321   0.200
2006 210 0322   0.100
2006 210 0323   0.100
2006 210 0326   0.100
2006 210 0327   0.100
2006 210 0329   0.100
2006 210 0331   0.100
2006 210 0333   0.100
2006 210 0334   0.100
2006 210 0335   0.100
2006 210 0336   0.200
2006 210 0337   0.400
2006 210 0338   0.300
2006 210 0339   0.100
2006 210 0340   0.100
2006 210 0341   0.100
2006 210 0342   0.200
2006 210 0344   0.100
2006 210 0345   0.100
2006 210 0346   0.100
2006 210 0347   0.100
2006 210 0349   0.100
2006 210 0350   0.100
2006 210 0352   0.100
2006 210 0355   0.100
2006 210 0357   0.100
2006 210 0359   0.100
2006 210 0404   0.100
2006 210 0409   0.100
2006 210 0416   0.100
2006 210 0418   0.100
2006 210 0420   0.100
2006 210 0428   0.100
2006 210 0436   0.100
2006 210 0448   0.100
2006 210 0451   0.100
2006 210 0455   0.100
2006 210 0457   0.100
2006 210 0458   0.100
2006 210 0500   0.100
2006 210 0503   0.100
2006 210 0510   0.100
2006 210 0530   0.100
2006 210 0540   0.100
2006 210 0543   0.100
2006 210 0546   0.100
2006 210 0557   0.100
2006 210 0619   0.100
2006 210 0640   0.100
2006 210 0719   0.100
2006 210 0727   0.100
2006 210 0742   0.100
2006 210 1419   0.100
2006 210 1421   0.100
2006 210 1423   0.100
2006 210 1424   0.100
2006 210 1426   0.100
2006 210 1432   0.100
2006 210 1437   0.100
2006 210 1442   0.100
2006 210 1453   0.100
2006 210 1456   0.100
2006 210 1459   0.100
2006 210 1500   0.100
2006 210 1502   0.100
2006 210 1504   0.100
2006 210 1506   0.100
2006 210 1508   0.100
2006 210 1518   0.100
2006 210 1524   0.100
2006 210 1529   0.100
2006 210 1532   0.100
2006 210 1536   0.100
2006 210 1537   0.100
2006 210 1539   0.100
2006 210 1541   0.100
2006 210 1542   0.100
2006 210 1544   0.100
2006 210 1546   0.100
2006 210 1547   0.100
2006 210 1549   0.100
2006 210 1552   0.100
2006 210 1555   0.100
2006 210 1558   0.100
2006 210 1607   0.100
2006 210 1610   0.100
2006 210 1624   0.100
2006 210 1711   0.100
2006 212 0350   0.100
2006 212 0539   0.100
2006 212 0540   0.200
2006 212 0541   0.100
2006 212 0542   0.100
2006 212 0543   0.100
2006 212 0544   0.100
2006 212 0546   0.100
2006 212 0547   0.100
2006 212 0550   0.100
2006 212 0552   0.100
2006 212 0553   0.200
2006 212 0554   0.100
2006 212 0556   0.100
2006 212 0600   0.100
2006 212 0602   0.100
2006 212 0607   0.100
2006 212 0650   0.100
2006 212 0651   0.200
2006 212 0652   0.200
2006 212 0653   0.300
2006 212 0654   0.300
2006 212 0655   0.400
2006 212 0656   0.400
2006 212 0657   0.400
2006 212 0658   0.500
2006 212 0659   0.300
2006 212 0700   0.300
2006 212 0701   0.300
2006 212 0702   0.500
2006 212 0703   0.400
2006 212 0704   0.400
2006 212 0705   0.300
2006 212 0706   0.400
2006 212 0707   0.300
2006 212 0708   0.200
2006 212 0709   0.300
2006 212 0710   0.200
2006 212 0711   0.200
2006 212 0712   0.100
2006 212 0713   0.100
2006 212 0714   0.100
2006 212 0716   0.100
2006 212 0717   0.100
2006 212 0719   0.100
2006 212 0723   0.100
2006 212 0727   0.100
2006 212 0732   0.100
2006 212 0737   0.100
2006 212 0740   0.100
2006 212 0752   0.100
2006 212 0814   0.100
2006 212 0825   0.100
2006 212 2019   0.100
2006 212 2023   0.100
2006 212 2027   0.100
2006 212 2029   0.100
2006 212 2032   0.100
2006 212 2034   0.100
2006 212 2036   0.100
2006 212 2038   0.100
2006 212 2041   0.100
2006 212 2043   0.100
2006 212 2045   0.100
2006 212 2047   0.100
2006 212 2050   0.100
2006 212 2051   0.100
2006 212 2054   0.100
2006 212 2057   0.100
2006 212 2059   0.100
2006 212 2101   0.100
2006 212 2103   0.100
2006 212 2105   0.100
2006 212 2107   0.100
2006 212 2108   0.100
2006 212 2110   0.100
2006 212 2112   0.100
2006 212 2114   0.100
2006 212 2116   0.100
2006 212 2118   0.100
2006 212 2120   0.100
2006 212 2123   0.100
2006 212 2126   0.100
2006 212 2129   0.100
2006 212 2133   0.100
2006 212 2138   0.100
2006 212 2143   0.100
2006 212 2148   0.100
2006 212 2152   0.100
2006 212 2156   0.100
2006 212 2207   0.100
2006 212 2227   0.100
2006 212 2258   0.100
2006 213 0216   0.100
2006 213 0218   0.100
2006 213 0221   0.100
2006 213 0223   0.100
2006 213 0229   0.100
2006 213 0231   0.100
2006 213 0233   0.100
2006 213 0235   0.100
2006 213 0237   0.100
2006 213 0238   0.100
2006 213 0241   0.100
2006 213 0243   0.100
2006 213 0245   0.100
2006 213 0247   0.100
2006 213 0251   0.100
2006 213 0255   0.100
2006 213 0257   0.100
2006 213 0258   0.100
2006 213 0259   0.100
2006 213 0300   0.100
2006 213 0301   0.100
2006 213 0303   0.100
2006 213 0305   0.100
2006 213 0306   0.100
2006 213 0307   0.100
2006 213 0308   0.200
2006 213 0309   0.100
2006 213 0311   0.100
2006 213 0312   0.100
2006 213 0314   0.100
2006 213 0315   0.100
2006 213 0316   0.100
2006 213 0317   0.100
2006 213 0322   0.100
2006 213 0524   0.100
2006 213 0902   0.100
2006 213 0947   0.100
2006 213 1653   0.100
2006 213 1657   0.100
2006 213 1659   0.100
2006 213 1702   0.100
2006 213 1705   0.100
2006 213 1706   0.200
2006 213 1707   0.100
2006 213 1708   0.400
2006 213 1709   0.800
2006 213 1710   0.600
2006 213 1711   0.400
2006 213 1712   0.100
2006 213 1713   0.300
2006 213 1714   0.400
2006 213 1715   0.300
2006 213 1716   0.700
2006 213 1717   0.500
2006 213 1719   0.100
2006 213 1721   0.200
2006 213 1722   0.100
2006 213 1723   0.300
2006 213 1724   0.300
2006 213 1725   0.300
2006 213 1726   0.400
2006 213 1727   0.400
2006 213 1728   0.200
2006 213 1729   0.200
2006 213 1730   0.200
2006 213 1734   0.100
2006 213 1737   0.100
2006 213 1739   0.100
2006 213 1740   0.100
2006 213 1741   0.100
2006 213 1742   0.100
2006 213 1743   0.100
2006 213 1744   0.100
2006 213 1748   0.100
2006 213 1752   0.200
2006 213 1753   0.200
2006 213 1754   0.200
2006 213 1755   0.100
2006 213 1756   0.200
2006 213 1757   0.600
2006 213 1758   0.200
2006 213 1759   0.400
2006 213 1800   0.300
2006 213 1801   0.100
2006 213 1803   0.100
2006 213 1804   0.200
2006 213 1805   0.300
2006 213 1806   0.300
2006 213 1807   0.100
2006 213 1810   0.100
2006 213 1814   0.100
2006 213 1816   0.200
2006 213 1817   0.200
2006 213 1818   0.500
2006 213 1819   0.600
2006 213 1820   0.200
2006 213 1821   0.100
2006 213 1822   0.200
2006 213 1826   0.100
2006 213 1833   0.100
2006 213 1848   0.100
2006 214 0808   0.100
2006 216 1418   0.100
2006 216 1421   0.100
2006 216 1556   0.300
2006 216 1557   0.500
2006 216 1558   0.400
2006 216 1559   0.400
2006 216 1600   0.400
2006 216 1601   0.500
2006 216 1602   0.300
2006 216 1603   0.300
2006 216 1604   0.100
2006 216 1605   0.200
2006 216 1606   0.100
2006 216 1608   0.100
2006 216 1609   0.100
2006 216 1610   0.200
2006 216 1611   0.200
2006 216 1612   0.100
2006 216 1613   0.200
2006 216 1614   0.100
2006 216 1615   0.100
2006 216 1619   0.100
2006 216 1622   0.100
2006 216 1623   0.100
2006 216 1624   0.100
2006 216 1625   0.100
2006 216 1626   0.100
2006 216 1627   0.100
2006 216 1629   0.100
2006 216 1631   0.100
2006 216 1648   0.100
2006 216 1656   0.100
2006 216 1659   0.100
2006 216 1703   0.100
2006 216 1711   0.100
2006 216 1714   0.100
2006 216 1715   0.100
2006 216 1716   0.100
2006 216 1718   0.200
2006 216 1719   0.300
2006 216 1720   0.300
2006 216 1721   0.100
2006 216 1722   0.100
2006 216 1725   0.100
2006 216 1736   0.100
2006 216 1737   0.100
2006 216 1739   0.100
2006 216 1740   0.100
2006 216 1741   0.100
2006 216 1742   0.100
2006 216 1744   0.100
2006 216 1745   0.100
2006 216 1747   0.100
2006 216 1749   0.100
2006 216 1757   0.100
2006 216 1828   0.100
2006 216 1840   0.100
2006 216 1845   0.100
2006 216 1850   0.100
2006 216 1854   0.100
2006 216 1859   0.100
2006 216 1946   0.100
2006 223 2154   0.100
2006 223 2155   0.200
2006 223 2156   0.400
2006 223 2157   0.300
2006 223 2158   0.500
2006 223 2159   0.500
2006 223 2200   0.500
2006 223 2201   0.700
2006 223 2202   0.600
2006 223 2203   0.900
2006 223 2204   0.800
2006 223 2205   1.000
2006 223 2206   0.700
2006 223 2207   0.800
2006 223 2208   0.600
2006 223 2209   0.600
2006 223 2210   0.400
2006 223 2211   0.300
2006 223 2212   0.400
2006 223 2213   0.300
2006 223 2214   0.400
2006 223 2215   0.200
2006 223 2218   0.100
2006 223 2221   0.100
2006 223 2222   0.100
2006 223 2224   0.100
2006 223 2231   0.100
2006 223 2300   0.100
2006 223 2305   0.100
2006 223 2311   0.100
2006 223 2318   0.100
2006 226 1201   0.100
2006 226 1202   0.100
2006 226 1203   0.100
2006 226 1204   0.100
2006 226 1205   0.100
2006 226 1211   0.100
2006 226 1257   0.100
2006 227 0538   0.100
2006 227 0547   0.100
2006 227 0552   0.100
2006 227 0554   0.100
2006 227 0557   0.100
2006 227 0559   0.100
2006 227 0603   0.100
2006 227 0607   0.100
2006 227 0613   0.100
2006 227 0618   0.100
2006 227 0626   0.100
2006 227 0633   0.100
2006 227 0646   0.100
2006 227 0702   0.100
2006 227 0725   0.100
2006 227 0833   0.100
2006 227 0848   0.100
2006 227 0857   0.100
2006 227 0920   0.100
2006 227 1417   0.100
2006 227 1419   0.100
2006 227 1420   0.100
2006 227 1421   0.100
2006 227 1422   0.100
2006 227 1423   0.400
2006 227 1424   0.900
2006 227 1425   0.900
2006 227 1426   1.100
2006 227 1427   1.000
2006 227 1428   0.700
2006 227 1429   0.500
2006 227 1430   0.400
2006 227 1431   0.500
2006 227 1432   0.300
2006 227 1433   0.200
2006 227 1434   0.300
2006 227 1435   0.200
2006 227 1436   0.300
2006 227 1437   0.100
2006 227 1438   0.100
2006 227 1440   0.100
2006 227 1446   0.100
2006 227 1448   0.100
2006 227 1449   0.100
2006 227 1450   0.100
2006 227 1451   0.100
2006 227 1452   0.100
2006 227 1454   0.100
2006 227 1455   0.100
2006 227 1457   0.100
2006 227 1500   0.100
2006 227 1501   0.200
2006 227 1502   0.300
2006 227 1503   0.200
2006 227 1504   0.100
2006 227 1505   0.100
2006 227 1506   0.100
2006 227 1507   0.100
2006 227 1508   0.100
2006 227 1509   0.100
2006 227 1513   0.100
2006 227 1517   0.100
2006 227 1519   0.100
2006 227 1521   0.200
2006 227 1523   0.100
2006 227 1524   0.100
2006 227 1526   0.100
2006 227 1528   0.100
2006 227 1532   0.100
2006 227 1537   0.100
2006 227 1543   0.100
2006 227 1549   0.100
2006 227 1552   0.100
2006 227 1554   0.100
2006 227 1555   0.100
2006 227 1556   0.100
2006 227 1558   0.100
2006 227 1601   0.100
2006 227 1603   0.100
2006 227 1604   0.100
2006 227 1606   0.100
2006 227 1608   0.100
2006 227 1610   0.100
2006 227 1612   0.100
2006 227 1614   0.100
2006 227 1617   0.100
2006 227 1623   0.100
2006 227 1627   0.100
2006 227 1634   0.100
2006 228 0612   0.100
2006 230 2104   0.100
2006 230 2105   0.100
2006 230 2106   0.100
2006 230 2107   0.200
2006 230 2108   0.200
2006 230 2109   0.100
2006 230 2110   0.100
2006 230 2111   0.100
2006 230 2112   0.100
2006 230 2114   0.100
2006 230 2119   0.100
2006 230 2123   0.100
2006 230 2128   0.100
2006 230 2130   0.100
2006 230 2133   0.100
2006 230 2136   0.100
2006 230 2318   0.100
2006 230 2332   0.100
2006 235 1303   0.100
2006 235 1304   0.100
2006 235 1305   0.100
2006 235 1306   0.100
2006 235 1307   0.200
2006 235 1308   0.100
2006 235 1309   0.200
2006 235 1310   0.200
2006 235 1311   0.100
2006 235 1312   0.200
2006 235 1313   0.500
2006 235 1314   0.700
2006 235 1315   0.600
2006 235 1316   0.300
2006 235 1317   0.300
2006 235 1318   0.300
2006 235 1319   0.300
2006 235 1320   0.300
2006 235 1321   0.200
2006 235 1322   0.100
2006 235 1323   0.100
2006 235 1326   0.100
2006 236 1905   0.100
2006 236 1907   0.100
2006 236 1913   0.100
2006 236 1916   0.100
2006 236 1919   0.100
2006 236 1921   0.100
2006 236 1922   0.200
2006 236 1923   0.200
2006 236 1924   0.200
2006 236 1925   0.100
2006 236 1926   0.100
2006 236 1927   0.100
2006 236 1928   0.100
2006 236 1929   0.100
2006 236 1930   0.100
2006 236 1932   0.100
2006 236 1933   0.100
2006 236 1934   0.100
2006 236 1936   0.100
2006 236 1938   0.100
2006 236 1940   0.100
2006 236 1943   0.100
2006 236 1946   0.100
2006 236 1952   0.100
2006 236 2012   0.100
2006 237 0252   0.100
2006 237 1459   0.100
2006 241 0228   0.100
2006 241 0231   0.100
2006 241 0234   1.200
2006 241 0235   1.300
2006 241 0236   0.700
2006 241 0237   0.900
2006 241 0238   0.700
2006 241 0239   0.400
2006 241 0240   0.400
2006 241 0241   0.300
2006 241 0242   0.200
2006 241 0243   0.300
2006 241 0244   0.300
2006 241 0245   0.200
2006 241 0246   0.200
2006 241 0247   0.200
2006 241 0248   0.100
2006 241 0249   0.200
2006 241 0250   0.100
2006 241 0251   0.200
2006 241 0252   0.200
2006 241 0253   0.900
2006 241 0254   0.700
2006 241 0255   1.300
2006 241 0256   2.000
2006 241 0257   2.300
2006 241 0258   1.900
2006 241 0259   1.700
2006 241 0300   2.200
2006 241 0301   1.900
2006 241 0302   0.500
2006 241 0303   0.100
2006 241 0304   0.400
2006 241 0305   1.200
2006 241 0306   0.700
2006 241 0307   0.500
2006 241 0308   0.400
2006 241 0309   0.500
2006 241 0310   0.600
2006 241 0311   0.800
2006 241 0312   0.700
2006 241 0313   0.500
2006 241 0314   0.600
2006 241 0315   0.600
2006 241 0316   0.500
2006 241 0317   0.200
2006 241 0318   0.100
2006 241 0319   0.100
2006 241 0320   0.100
2006 241 0321   0.100
2006 241 0323   0.100
2006 241 0325   0.100
2006 241 0328   0.100
2006 241 0330   0.100
2006 241 0331   0.100
2006 241 0332   0.100
2006 241 0333   0.200
2006 241 0334   0.200
2006 241 0335   0.200
2006 241 0336   0.200
2006 241 0337   0.200
2006 241 0338   0.100
2006 241 0339   0.200
2006 241 0340   0.100
2006 241 0341   0.200
2006 241 0342   0.200
2006 241 0343   0.300
2006 241 0344   0.400
2006 241 0345   0.300
2006 241 0346   0.500
2006 241 0347   0.400
2006 241 0348   0.600
2006 241 0349   0.700
2006 241 0350   0.600
2006 241 0351   0.400
2006 241 0352   0.300
2006 241 0353   0.300
2006 241 0354   0.200
2006 241 0355   0.200
2006 241 0356   0.200
2006 241 0357   0.100
2006 241 0358   0.100
2006 241 0359   0.200
2006 241 0400   0.100
2006 241 0402   0.100
2006 241 0404   0.100
2006 241 0406   0.100
2006 241 0409   0.100
2006 241 0415   0.100
2006 241 0425   0.100
2006 241 0432   0.100
2006 241 0437   0.100
2006 241 0446   0.100
2006 241 0459   0.100
2006 241 0503   0.100
2006 241 0510   0.100
2006 245 0021   0.100
2006 245 0022   0.200
2006 245 0023   0.200
2006 245 0024   0.200
2006 245 0026   0.100
2006 245 0029   0.100
2006 245 0034   0.100
2006 245 0036   0.200
2006 245 0037   0.100
2006 245 0038   0.200
2006 245 0041   0.100
2006 245 0044   0.200
2006 245 0045   0.600
2006 245 0046   0.600
2006 245 0047   0.700
2006 245 0048   0.700
2006 245 0049   0.500
2006 245 0050   0.600
2006 245 0051   0.800
2006 245 0052   0.600
2006 245 0053   0.400
2006 245 0054   0.100
2006 245 0055   0.100
2006 245 0104   0.100
2006 245 0106   0.100
2006 245 0107   0.100
2006 245 0108   0.100
2006 245 0110   0.100
2006 245 0111   0.100
2006 245 0112   0.100
2006 245 0113   0.100
2006 245 0114   0.100
2006 245 0115   0.200
2006 245 0116   0.100
2006 245 0117   0.200
2006 245 0119   0.200
2006 245 0121   0.100
2006 245 0122   0.100
2006 245 0124   0.100
2006 245 0129   0.100
2006 245 0131   0.100
2006 245 0132   0.100
2006 245 0134   0.100
2006 245 0136   0.100
2006 245 0139   0.100
2006 245 0141   0.100
2006 245 0143   0.200
2006 245 0144   0.100
2006 245 0145   0.100
2006 245 0146   0.100
2006 245 0148   0.100
2006 245 0150   0.100
2006 245 0151   0.100
2006 245 0153   0.200
2006 245 0154   0.100
2006 245 0155   0.100
2006 245 0156   0.100
2006 245 0157   0.100
2006 245 0158   0.200
2006 245 0159   0.100
2006 245 0200   0.200
2006 245 0201   0.100
2006 245 0202   0.200
2006 245 0203   0.100
2006 245 0205   0.100
2006 245 0208   0.100
2006 245 0210   0.100
2006 245 0213   0.100
2006 245 0214   0.100
2006 245 0216   0.100
2006 245 0217   0.100
2006 245 0218   0.100
2006 245 0219   0.100
2006 245 0220   0.100
2006 245 0221   0.100
2006 245 0222   0.100
2006 245 0223   0.100
2006 245 0225   0.100
2006 245 0226   0.100
2006 245 0228   0.200
2006 245 0230   0.100
2006 245 0231   0.100
2006 245 0234   0.100
2006 245 0236   0.100
2006 245 0239   0.100
2006 245 0241   0.100
2006 245 0244   0.100
2006 245 0247   0.100
2006 245 0250   0.100
2006 245 0252   0.100
2006 245 0255   0.100
2006 245 0257   0.100
2006 245 0301   0.100
2006 245 0303   0.100
2006 245 0305   0.100
2006 245 0307   0.100
2006 245 0309   0.100
2006 245 0311   0.100
2006 245 0314   0.100
2006 245 0317   0.100
2006 245 0320   0.100
2006 245 0322   0.100
2006 245 0325   0.100
2006 245 0329   0.100
2006 245 0333   0.100
2006 245 0337   0.100
2006 245 0341   0.100
2006 245 0345   0.100
2006 245 0349   0.100
2006 245 0354   0.100
2006 250 0009   0.100
2006 250 0011   0.100
2006 250 0012   0.100
2006 250 0013   0.200
2006 250 0014   0.200
2006 250 0015   0.300
2006 250 0016   0.100
2006 250 0017   0.300
2006 250 0018   0.300
2006 250 0019   0.400
2006 250 0020   0.800
2006 250 0021   0.400
2006 250 0022   1.400
2006 250 0023   1.200
2006 250 0024   0.700
2006 250 0025   0.300
2006 250 0026   0.100
2006 250 0027   0.100
2006 250 0029   0.200
2006 250 0032   0.100
2006 250 0051   0.100
2006 250 0154   0.100
2006 250 0213   0.100
2006 250 0232   0.100
2006 250 1814   0.100
2006 250 2116   0.100
2006 250 2223   0.100
2006 250 2225   0.100
2006 250 2227   0.100
2006 250 2233   0.100
2006 250 2238   0.100
2006 250 2241   0.100
2006 250 2244   0.100
2006 250 2246   0.100
2006 250 2248   0.100
2006 250 2249   0.100
2006 250 2254   0.100
2006 251 0332   0.100
2006 251 0333   0.100
2006 251 0334   0.100
2006 251 0335   0.100
2006 251 0337   0.100
2006 251 0338   0.100
2006 251 0339   0.100
2006 251 0341   0.100
2006 251 0342   0.100
2006 251 0344   0.100
2006 251 0359   0.100
2006 251 0424   0.100
2006 251 0826   0.100
2006 251 0827   0.100
2006 251 0828   0.100
2006 251 0833   0.100
2006 251 0836   0.100
2006 251 0840   0.100
2006 251 1559   0.100
2006 251 1600   0.100
2006 251 1601   0.100
2006 252 0449   0.100
2006 252 1613   0.100
2006 252 1618   0.100
2006 252 1621   0.100
2006 263 1818   0.100
2006 263 1821   0.100
2006 263 1958   0.100
2006 263 2122   0.100
2006 263 2205   0.100
2006 263 2207   0.200
2006 263 2208   0.100
2006 263 2213   0.100
2006 280 1400   0.100
2006 280 1406   0.100
2006 280 1410   0.100
2006 280 1606   0.100
2006 280 1831   0.100
2006 281 0314   0.100
2006 281 0321   0.100
2006 281 0327   0.100
2006 281 0334   0.100
2006 281 0345   0.100
2006 281 0415   0.100
2006 281 0432   0.100
2006 281 1703   0.100
2006 281 1717   0.100
2006 281 1722   0.100
2006 281 1731   0.100
2006 281 1736   0.100
2006 281 1738   0.100
2006 281 1739   0.100
2006 281 1740   0.100
2006 281 1743   0.100
2006 281 1745   0.100
2006 281 1747   0.100
2006 281 1749   0.100
2006 281 1752   0.100
2006 281 1754   0.100
2006 281 1756   0.100
2006 281 1758   0.100
2006 281 1801   0.100
2006 281 1803   0.100
2006 281 1806   0.100
2006 281 1809   0.100
2006 281 1812   0.100
2006 281 1814   0.100
2006 281 1815   0.100
2006 281 1816   0.100
2006 281 1818   0.100
2006 281 1820   0.100
2006 281 1821   0.100
2006 281 1822   0.100
2006 281 1824   0.100
2006 281 1825   0.100
2006 281 1826   0.200
2006 281 1828   0.100
2006 282 0033   0.100
2006 282 0036   0.100
2006 282 0037   0.100
2006 282 0042   0.100
2006 282 0053   0.100
2006 282 0055   0.200
2006 282 0056   0.100
2006 282 0057   0.200
2006 282 0058   0.300
2006 282 0059   0.400
2006 282 0100   0.300
2006 282 0101   0.500
2006 282 0102   0.700
2006 282 0103   0.800
2006 282 0104   0.800
2006 282 0105   0.600
2006 282 0106   0.700
2006 282 0107   0.500
2006 282 0108   0.700
2006 282 0109   0.600
2006 282 0110   0.600
2006 282 0111   0.500
2006 282 0112   0.300
2006 282 0113   0.200
2006 282 0114   0.200
2006 282 0115   0.200
2006 282 0116   0.100
2006 282 0117   0.100
2006 282 0120   0.100
2006 282 0123   0.100
2006 282 0125   0.100
2006 282 0134   0.100
2006 282 0137   0.100
2006 282 0140   0.100
2006 282 0142   0.100
2006 282 0144   0.100
2006 282 0146   0.100
2006 282 0147   0.100
2006 282 0149   0.100
2006 282 0151   0.100
2006 282 0153   0.100
2006 282 0155   0.100
2006 282 0157   0.100
2006 282 0158   0.100
2006 282 0200   0.100
2006 282 0201   0.100
2006 282 0202   0.100
2006 282 0203   0.100
2006 282 0204   0.100
2006 282 0205   0.100
2006 282 0206   0.100
2006 282 0207   0.100
2006 282 0208   0.100
2006 282 0210   0.100
2006 282 0211   0.100
2006 282 0212   0.100
2006 282 0214   0.100
2006 282 0215   0.100
2006 282 0217   0.100
2006 282 0219   0.100
2006 282 0221   0.100
2006 282 0224   0.100
2006 282 0227   0.100
2006 282 0230   0.100
2006 282 0232   0.100
2006 282 0234   0.100
2006 282 0235   0.100
2006 282 0237   0.200
2006 282 0238   0.100
2006 282 0239   0.100
2006 282 0240   0.200
2006 282 0241   0.200
2006 282 0242   0.200
2006 282 0243   0.100
2006 282 0244   0.300
2006 282 0245   0.200
2006 282 0246   0.200
2006 282 0247   0.100
2006 282 0248   0.100
2006 282 0249   0.200
2006 282 0250   0.100
2006 282 0251   0.100
2006 282 0252   0.200
2006 282 0253   0.100
2006 282 0254   0.100
2006 282 0255   0.100
2006 282 0256   0.100
2006 282 0257   0.100
2006 282 0258   0.100
2006 282 0259   0.200
2006 282 0301   0.100
2006 282 0302   0.100
2006 282 0303   0.100
2006 282 0304   0.200
2006 282 0305   0.100
2006 282 0306   0.200
2006 282 0308   0.100
2006 282 0309   0.100
2006 282 0310   0.100
2006 282 0311   0.100
2006 282 0312   0.100
2006 282 0313   0.100
2006 282 0314   0.100
2006 282 0315   0.100
2006 282 0316   0.100
2006 282 0317   0.100
2006 282 0318   0.200
2006 282 0319   0.100
2006 282 0320   0.200
2006 282 0321   0.100
2006 282 0322   0.200
2006 282 0323   0.100
2006 282 0324   0.200
2006 282 0325   0.300
2006 282 0326   0.100
2006 282 0327   0.100
2006 282 0328   0.100
2006 282 0329   0.100
2006 282 0330   0.100
2006 282 0332   0.100
2006 282 0336   0.100
2006 282 0338   0.100
2006 282 0340   0.100
2006 282 0341   0.100
2006 282 0343   0.100
2006 282 0345   0.100
2006 282 0346   0.100
2006 282 0348   0.100
2006 282 0349   0.100
2006 282 0350   0.100
2006 282 0352   0.100
2006 282 0353   0.100
2006 282 0354   0.200
2006 282 0355   0.100
2006 282 0356   0.100
2006 282 0358   0.100
2006 282 0401   0.100
2006 282 0405   0.100
2006 282 0407   0.100
2006 282 0409   0.100
2006 282 0410   0.100
2006 282 0411   0.100
2006 282 0413   0.200
2006 282 0414   0.100
2006 282 0415   0.100
2006 282 0416   0.100
2006 282 0417   0.100
2006 282 0418   0.100
2006 282 0419   0.200
2006 282 0420   0.100
2006 282 0422   0.100
2006 282 0423   0.100
2006 282 0424   0.100
2006 282 0425   0.100
2006 282 0427   0.100
2006 282 0428   0.100
2006 282 0429   0.100
2006 282 0431   0.100
2006 282 0432   0.100
2006 282 0433   0.100
2006 282 0435   0.100
2006 282 0438   0.100
2006 282 0444   0.100
2006 282 0452   0.100
2006 282 0457   0.100
2006 282 0504   0.100
2006 282 0507   0.100
2006 282 0513   0.100
2006 282 0518   0.100
2006 282 0549   0.100
2006 282 1600   0.100
2006 282 1602   0.100
2006 282 1603   0.200
2006 282 1604   0.100
2006 282 1605   0.200
2006 282 1606   0.200
2006 282 1607   0.300
2006 282 1608   0.200
2006 282 1609   0.300
2006 282 1610   0.300
2006 282 1611   0.200
2006 282 1612   0.400
2006 282 1613   0.700
2006 282 1614   0.300
2006 282 1615   0.200
2006 282 1616   0.300
2006 282 1617   0.100
2006 282 1618   0.200
2006 282 1619   0.200
2006 282 1620   0.200
2006 282 1621   0.300
2006 282 1622   0.100
2006 282 1623   0.100
2006 282 1624   0.100
2006 282 1625   0.100
2006 282 1626   0.200
2006 282 1627   0.100
2006 282 1628   0.200
2006 282 1629   0.100
2006 282 1630   0.100
2006 282 1631   0.100
2006 282 1632   0.200
2006 282 1633   0.100
2006 282 1634   0.100
2006 282 1636   0.100
2006 282 1637   0.100
2006 282 1638   0.100
2006 282 1639   0.100
2006 282 1640   0.100
2006 282 1641   0.100
2006 282 1643   0.100
2006 282 1644   0.100
2006 282 1645   0.100
2006 282 1647   0.100
2006 282 1648   0.100
2006 282 1649   0.100
2006 282 1650   0.100
2006 282 1651   0.100
2006 282 1653   0.100
2006 282 1655   0.100
2006 282 1656   0.100
2006 282 1657   0.100
2006 282 1658   0.200
2006 282 1700   0.100
2006 282 1701   0.100
2006 282 1703   0.100
2006 282 1704   0.100
2006 282 1705   0.100
2006 282 1706   0.100
2006 282 1708   0.100
2006 282 1709   0.100
2006 282 1711   0.100
2006 282 1712   0.100
2006 282 1713   0.100
2006 282 1715   0.100
2006 282 1716   0.100
2006 282 1718   0.100
2006 282 1720   0.100
2006 282 1721   0.100
2006 282 1723   0.100
2006 282 1724   0.100
2006 282 1725   0.100
2006 282 1726   0.100
2006 282 1727   0.100
2006 282 1728   0.100
2006 282 1729   0.100
2006 282 1730   0.200
2006 282 1731   0.100
2006 282 1732   0.200
2006 282 1733   0.300
2006 282 1734   0.200
2006 282 1735   0.200
2006 282 1736   0.100
2006 282 1737   0.200
2006 282 1738   0.100
2006 282 1739   0.100
2006 282 1740   0.100
2006 282 1742   0.100
2006 282 1745   0.100
2006 282 1748   0.100
2006 282 1750   0.100
2006 282 1751   0.100
2006 282 1753   0.100
2006 282 1809   0.100
2006 282 1911   0.200
2006 282 1912   0.200
2006 282 1913   0.300
2006 282 1914   0.300
2006 282 1915   0.400
2006 282 1916   0.300
2006 282 1917   0.200
2006 282 1918   0.300
2006 282 1919   0.300
2006 282 1920   0.300
2006 282 1921   0.200
2006 282 1922   0.200
2006 282 1924   0.100
2006 282 1925   0.100
2006 282 1927   0.100
2006 282 1929   0.100
2006 282 1931   0.100
2006 282 1932   0.100
2006 282 1934   0.100
2006 282 1936   0.100
2006 282 1938   0.100
2006 282 1940   0.100
2006 282 1943   0.100
2006 282 1945   0.100
2006 282 1949   0.100
2006 282 2018   0.100
2006 282 2023   0.100
2006 282 2027   0.100
2006 282 2032   0.100
2006 282 2035   0.100
2006 282 2038   0.100
2006 282 2041   0.100
2006 282 2046   0.100
2006 282 2058   0.100
2006 282 2109   0.100
2006 282 2112   0.100
2006 282 2122   0.100
2006 283 0241   0.100
2006 283 1137   0.100
2006 288 1044   0.100
2006 288 1104   0.100
2006 288 1108   0.100
2006 288 1112   0.100
2006 288 1853   0.100
2006 288 1855   0.100
2006 288 1856   0.100
2006 288 1858   0.100
2006 288 1900   0.100
2006 288 1902   0.100
2006 288 1904   0.100
2006 288 1908   0.100
2006 288 1919   0.100
2006 289 0523   0.100
2006 291 0209   0.100
2006 291 0212   0.100
2006 291 1430   0.100
2006 297 2016   0.300
2006 297 2017   0.700
2006 297 2018   0.200
2006 297 2019   0.200
2006 297 2020   0.100
2006 297 2022   0.100
2006 297 2024   0.100
2006 298 0015   0.100
2006 298 0623   0.100
2006 298 1636   0.100
2006 298 1654   0.100
2006 298 1656   0.100
2006 298 1659   0.100
2006 298 1701   0.100
2006 298 1722   0.100
2006 298 1737   0.100
2006 298 1739   0.100
2006 298 1740   0.200
2006 298 1741   0.100
2006 298 1907   0.100
2006 299 0023   0.100
2006 334 1236   0.100
2006 334 1316   0.100
2006 334 1335   0.100
2006 334 1345   0.100
2006 334 1349   0.100
2006 334 1354   0.100
2006 352 1333   0.100
2006 352 1345   0.100
2006 352 1349   0.100
2006 353 0036   0.100
2006 353 0120   0.100
2006 354 1053   0.100
2006 354 1258   0.100
2006 354 1324   0.100
2006 354 1333   0.100
2006 354 1357   0.100
2006 354 1403   0.100
2006 354 1407   0.100
2006 354 1409   0.100
2006 354 1410   0.100
2006 354 1411   0.100
2006 354 1413   0.200
2006 354 1414   0.100
2006 354 1415   0.200
2006 354 1416   0.100
2006 354 1417   0.100
2006 354 1418   0.100
2006 354 1420   0.200
2006 354 1421   0.100
2006 354 1422   0.200
2006 354 1424   0.200
2006 354 1426   0.100
2006 354 1427   0.100
2006 354 1429   0.300
2006 354 1431   0.100
2006 354 1432   0.200
2006 354 1441   0.100
2006 354 1442   1.100
2006 354 1443   2.500
2006 354 1444   0.100
2006 354 1449   0.100
2006 354 1454   0.100
2006 354 1459   0.100
2006 354 1504   0.100
2006 354 1512   0.100
2006 354 1521   0.100
2006 354 1533   0.100
2006 354 1547   0.100
2006 354 1745   0.100
2006 355 0851   0.100
2006 358 0849   0.100
2006 362 1023   0.100
2006 363 1102   0.100
2006 363 1115   0.100
2006 363 1146   0.100
2006 363 1205   0.100
2006 363 1237   0.100
2006 363 1359   0.100
2006 363 1424   0.100
2006 363 1511   0.100
2006 364 1007   0.100
2006 364 1055   0.100
2006 364 1105   0.100
2006 364 1119   0.100
2006 364 1131   0.100
2006 364 1135   0.100
2006 364 1137   0.100
2006 364 1141   2.200
2006 364 1142   0.200
2006 364 1143   0.100
2006 364 1144   0.100
2006 364 1145   0.200
2006 364 1147   0.100
2006 364 1148   0.100
2006 364 1149   0.100
2006 364 1150   0.100
2006 364 1151   0.100
2006 364 1153   0.100
2006 364 1154   0.100
2006 364 1156   0.100
2006 364 1158   0.100
2006 364 1200   0.100
2006 364 1202   0.100
2006 364 1204   0.100
2006 364 1206   0.100
2006 364 1208   0.100
2006 364 1210   0.100
2006 364 1213   0.100
2006 364 1215   0.100
2006 364 1218   0.100
2006 364 1220   0.100
2006 364 1223   0.100
2006 364 1226   0.100
2006 364 1228   0.100
2006 364 1231   0.100
2006 364 1234   0.100
2006 364 1237   0.100
2006 364 1240   0.100
2006 364 1244   0.100
2006 364 1248   0.100
2006 364 1251   0.100
2006 364 1255   0.100
2006 364 1259   0.100
2006 364 1302   0.100
2006 364 1307   0.100
2006 364 1311   0.100
2006 364 1316   0.100
2006 364 1321   0.100
2006 364 1326   0.100
2006 364 1331   0.100
2006 364 1338   0.100
2006 364 1344   0.100
2006 364 1351   0.100
2006 364 1357   0.100
2006 364 1405   0.100
2006 364 1413   0.100
2006 364 1421   0.100
2006 364 1428   0.100
2006 364 1443   0.100
2006 364 1521   0.100
